07305085207
07307025059
07307618616
07308508277
07309766986
07366926568
07367833561
07368268884
07368303596
07368444123
07368444459
07368631685
07368876999
07375357826
07378349000
07380194951
07383559576
07391977185
07394461357
07395160299
07395267057
07395477328
07397854841
07400367233
07402476727
07403388329
07404538984
07404075558
07404170363
07404507399
07404647379
07404696519
07405002004
07405206218
07405393459
07405936692
07411464483
07412010220
07414593872
07417431637
07419834763
07421421999
07424094156
07424414078
07426390534
07427988850
07429246686
07429409243
07432231335
07438858118
07440275422
07445829100
07446879936
07447728363
07447777306
07447823000
07448240172
07448491154
07449307823
07450505569
07450708737
07450828783
07450849247
07454412449
07455070701
07455872227
07455981809
07456967910
07456361842
07456824982
07456864023
07459296020
07459610061
07460827388
07460872233
07462388334
07463387077
07463762944
07466591390
07466726172
07466821984
07472326056
07473752660
07475095185
07476857660
07478219289
07478448459
07478682316
07479232232
07480114143
07480569633
07481925642
07484838185
07488262850
07488308153
07490970218
07490747449
07494141505
07494891444
07510223929
07510371155
07510510120
07510550171
07510763959
07511452497
07512248740
07512424633
07514269440
07514745856
07515067639
07515571229
07516559389
07517133343
07517964931
07518426548
07518906497
07519743654
07519891661
07521023361
07521087828
07521352914
07521601942
07522357274
07525209538
07525242715
07526288510
07527731617
07528351801
07530576898
07531243569
07531677556
07532727988
07532765404
07533592829
07537173821
07540101378
07540196767
07540351309
07540404060
07540480328
07540801183
07541092578
07541226850
07541426680
07541932721
07541997191
07542285784
07542351562
07543193855
07543246573
07543624401
07543800434
07544783913
07545219714
07545641732
07546057285
07546060775
07546519412
07546621709
07546852341
07547232129
07547425785
07548093193
07548923784
07549108227
07549044427
07549146107
07561714834
07562236166
07563135978
07563150395
07563209360
07564122490
07564893216
07565146527
07568555791
07573062822
07575924295
07577091935
07577627727
07578321175
07579026093
07581784413
07583304305
07587814295
07588429567
07588491833
07590571666
07591214658
07592140651
07593209964
07593570770
07594423552
07595867678
07596682426
07597544800
07598886212
07599033334
07599762543
07702574191
07703570523
07704532162
07706208699
07706809201
07706814195
07707048897
07707435257
07707848309
07707900398
07708760373
07708321030
07708410321
07708942054
07709167835
07709512310
07709557143
07709597108
07710272076
07710574907
07711204731
07712421979
07712806019
07713232579
07713641669
07713719376
07713730303
07714325893
07714463220
07715231766
07715332344
07715404630
07715872464
07715881147
07716170088
07716518759
07716667774
07717706553
07719077309
07719354640
07719708766
07721792568
07723913138
07724873167
07724921667
07725184727
07725408930
07725943530
07728017526
07729222155
07730370512
07730513388
07731651344
07732000558
07734364064
07734449777
07734466312
07734806096
07734936890
07735852735
07735341530
07736543886
07737464232
07738012039
07738294583
07738988271
07739015693
07740272791
07742034470
07742071434
07742178277
07742221250
07742849819
07742913338
07743495645
07745004214
07745198634
07745259376
07745331153
07746389249
07746414429
07746502545
07746660634
07749160094
07749209917
07751191414
07751559093
07752265842
07752387410
07752494372
07753549396
07754282180
07754362222
07754473271
07756042015
07759005319
07759645693
07759949816
07761797662
07761641307
07761836629
07762096143
07762605478
07763276461
07763332698
07763725117
07763824015
07763941463
07764576266
07772031922
07772191332
07775203125
07777777777
07779124206
07779470596
07779762442
07779819705
07783017018
07783866468
07783929932
07783944549
07784255608
07784821882
07790913919
07791530581
07792655457
07793034952
07793066611
07794670581
07800651417
07800732918
07802430383
07802711904
07803325557
07803349098
07803520570
07805779207
07807313363
07808544743
07808863757
07811170752
07811506208
07812063442
07815158391
07815461635
07816317055
07817003556
07817069507
07817475513
07817503868
07817587903
07817732121
07817971002
07818471872
07821160322
07821230186
07821874756
07821944555
07823324428
07828218195
07828468269
07828751228
07830336497
07830522773
07834755128
07835792256
07835906439
07837584064
07837729269
07840284365
07841620660
07841776539
07841923362
07842588480
07843708739
07845293999
07845579397
07845934206
07846099912
07848471036
07848837143
07849277023
07849665183
07850491089
07851020799
07851280958
07851992371
07852336259
07853537619
07854481131
07854525906
07854632974
07854823102
07854848486
07854932340
07855680491
07856078798
07856322711
07856458305
07857196014
07858236455
07858918986
07860234673
07860235291
07860631992
07860704639
07860870727
07860929464
07861416261
07863637696
07864817298
07865447219
07866469252
07866730572
07868372476
07868982394
07871883606
07873408435
07873607651
07875388317
07875481826
07877292127
07877341169
07877620458
07878522170
07885410107
07886977311
07888441525
07888629348
07889497045
07889814699
07891431065
07891721217
07894007832
07894155972
07894401701
07894727315
07894728720
07895285242
07895603631
07896245474
079005950_G
07902014542
07905050443
07907576093
07907906630
07908181565
07912577543
07913362241
07915378496
07915673123
07916410651
07916251174
0792125006_
07921437423
07922501891
07923083007
07923582295
07925207508
07925612307
07926338025
07926082174
07926645678
07927054532
07928213747
07928713643
07929665000
07934807666
07934989889
07935400625
07935201716
079356_GB_5
07936037657
07936337442
07938514143
07938986293
07949286224
07950417557
07955909980
07956524518
07956658301
07958222688
07958304854
07966262674
07969783534
07969635063
07970686254
07970802883
07970966454
07971170427
07971405754
07973443741
07974417165
07976192230
07980175886
07981266951
07983223810
07988011721
07988578480
07989310543
07999381229